Workingdir: /home/rkohli/aml-project/src
Started at Tue Sep 10 18:57:11 CEST 2019
Running job combned using 2 cpus per node with given JID 3289353 on queue meta_gpu-black
Experiment dir : eval-EXP-20190910-185715
Experiment dir : ./EXP0/EXP-20190910-185722
09/10 06:57:22 PM gpu device = cuda:0
09/10 06:57:22 PM args = {'data': './data', 'set': 'cifar10', 'batch_size': 32, 'learning_rate': 0.1, 'learning_rate_min': 0.001, 'momentum': 0.9, 'weight_decay': 0.0003, 'report_freq': 50, 'gpu': 'cuda:0', 'epochs': 20, 'init_channels': 8, 'layers': 4, 'model_path': 'saved_models', 'cutout': False, 'cutout_length': 16, 'drop_path_prob': 0.3, 'save': './EXP0/EXP-20190910-185722', 'seed': 0, 'grad_clip': 5, 'train_portion': 0.5, 'unrolled': False, 'arch_learning_rate': 0.0006, 'arch_weight_decay': 0.001}
09/10 06:57:33 PM param size = 0.056538MB
09/10 06:57:33 PM epoch 0 lr 9.939057e-02
09/10 06:57:34 PM genotype = Genotype(normal=[('skip_connect', 1), ('avg_pool_3x3', 0), ('skip_connect', 1), ('dil_conv_3x3', 2), ('dil_conv_5x5', 0), ('skip_connect', 3), ('max_pool_3x3', 0), ('skip_connect', 4)], normal_concat=range(2, 6), reduce=[('max_pool_3x3', 1), ('sep_conv_3x3', 0), ('dil_conv_5x5', 1), ('dil_conv_3x3', 2), ('dil_conv_5x5', 1), ('avg_pool_3x3', 3), ('dil_conv_5x5', 0), ('max_pool_3x3', 3)], reduce_concat=range(2, 6))
tensor([[0.1249, 0.1252, 0.1252, 0.1249, 0.1249, 0.1250, 0.1250, 0.1250],
        [0.1249, 0.1251, 0.1250, 0.1252, 0.1249, 0.1250, 0.1251, 0.1250],
        [0.1250, 0.1249, 0.1251, 0.1251, 0.1249, 0.1250, 0.1251, 0.1249],
        [0.1247, 0.1250, 0.1250, 0.1252, 0.1249, 0.1251, 0.1250, 0.1251],
        [0.1250, 0.1251, 0.1250, 0.1251, 0.1249, 0.1249, 0.1251, 0.1250],
        [0.1247, 0.1249, 0.1251, 0.1250, 0.1251, 0.1249, 0.1251, 0.1251],
        [0.1249, 0.1250, 0.1247, 0.1249, 0.1252, 0.1251, 0.1250, 0.1251],
        [0.1249, 0.1250, 0.1251, 0.1250, 0.1250, 0.1249, 0.1251, 0.1250],
        [0.1250, 0.1250, 0.1251, 0.1251, 0.1250, 0.1250, 0.1250, 0.1250],
        [0.1249, 0.1254, 0.1248, 0.1248, 0.1251, 0.1251, 0.1249, 0.1249],
        [0.1249, 0.1251, 0.1250, 0.1250, 0.1251, 0.1249, 0.1252, 0.1249],
        [0.1249, 0.1251, 0.1251, 0.1248, 0.1252, 0.1251, 0.1250, 0.1248],
        [0.1250, 0.1252, 0.1249, 0.1251, 0.1250, 0.1250, 0.1249, 0.1250],
        [0.1249, 0.1250, 0.1249, 0.1253, 0.1250, 0.1251, 0.1249, 0.1249]],
       device='cuda:0', grad_fn=<SoftmaxBackward>)
tensor([[0.1251, 0.1249, 0.1251, 0.1250, 0.1251, 0.1248, 0.1250, 0.1250],
        [0.1250, 0.1253, 0.1249, 0.1248, 0.1250, 0.1251, 0.1249, 0.1250],
        [0.1249, 0.1250, 0.1247, 0.1251, 0.1249, 0.1250, 0.1252, 0.1253],
        [0.1249, 0.1252, 0.1250, 0.1248, 0.1251, 0.1249, 0.1249, 0.1252],
        [0.1250, 0.1249, 0.1248, 0.1249, 0.1251, 0.1251, 0.1252, 0.1250],
        [0.1249, 0.1248, 0.1249, 0.1251, 0.1250, 0.1250, 0.1250, 0.1253],
        [0.1250, 0.1250, 0.1249, 0.1251, 0.1250, 0.1250, 0.1249, 0.1251],
        [0.1251, 0.1253, 0.1252, 0.1249, 0.1251, 0.1247, 0.1250, 0.1247],
        [0.1251, 0.1250, 0.1251, 0.1250, 0.1250, 0.1248, 0.1251, 0.1250],
        [0.1250, 0.1251, 0.1249, 0.1250, 0.1251, 0.1247, 0.1249, 0.1253],
        [0.1251, 0.1250, 0.1251, 0.1248, 0.1250, 0.1250, 0.1250, 0.1250],
        [0.1250, 0.1250, 0.1249, 0.1249, 0.1251, 0.1248, 0.1252, 0.1250],
        [0.1249, 0.1251, 0.1249, 0.1250, 0.1250, 0.1251, 0.1250, 0.1249],
        [0.1251, 0.1249, 0.1249, 0.1250, 0.1249, 0.1251, 0.1250, 0.1251]],
       device='cuda:0', grad_fn=<SoftmaxBackward>)
tensor([0.3332, 0.3334, 0.3334], device='cuda:0', grad_fn=<SoftmaxBackward>)
09/10 06:57:36 PM train 000 2.313298e+00 3.125000 43.750000
09/10 06:58:16 PM train 050 2.000712e+00 28.370098 79.227941
09/10 06:58:56 PM train 100 1.802272e+00 36.912129 84.405941
09/10 06:59:36 PM train 150 1.655997e+00 42.135762 87.148179
09/10 07:00:16 PM train 200 1.546034e+00 46.626244 88.961443
09/10 07:00:56 PM train 250 1.443917e+00 50.236554 90.488048
09/10 07:01:36 PM train 300 1.353530e+00 53.696013 91.549003
09/10 07:02:16 PM train 350 1.269077e+00 56.766382 92.370014
09/10 07:02:56 PM train 400 1.197658e+00 59.452930 93.072007
09/10 07:03:36 PM train 450 1.139124e+00 61.481430 93.590632
09/10 07:04:16 PM train 500 1.086253e+00 63.410679 94.024451
09/10 07:04:56 PM train 550 1.036953e+00 65.120236 94.413566
09/10 07:05:36 PM train 600 9.906579e-01 66.810524 94.769135
09/10 07:06:16 PM train 650 9.480149e-01 68.327573 95.084485
09/10 07:06:56 PM train 700 9.110287e-01 69.646041 95.363766
09/10 07:07:36 PM train 750 8.786353e-01 70.788948 95.618342
09/10 07:08:16 PM train 800 8.471844e-01 71.902310 95.829432
09/10 07:08:56 PM train 850 8.167361e-01 73.024383 96.041422
09/10 07:09:36 PM train 900 7.908058e-01 73.876249 96.222947
09/10 07:10:05 PM train_acc 74.413333
09/10 07:10:06 PM epoch 1 lr 9.757730e-02
09/10 07:10:06 PM genotype = Genotype(normal=[('skip_connect', 1), ('avg_pool_3x3', 0), ('skip_connect', 1), ('dil_conv_3x3', 2), ('dil_conv_5x5', 0), ('skip_connect', 3), ('max_pool_3x3', 0), ('skip_connect', 4)], normal_concat=range(2, 6), reduce=[('max_pool_3x3', 1), ('sep_conv_3x3', 0), ('dil_conv_5x5', 1), ('dil_conv_3x3', 2), ('dil_conv_5x5', 1), ('avg_pool_3x3', 3), ('dil_conv_5x5', 0), ('max_pool_3x3', 3)], reduce_concat=range(2, 6))
tensor([[0.1249, 0.1252, 0.1252, 0.1249, 0.1249, 0.1250, 0.1250, 0.1250],
        [0.1249, 0.1251, 0.1250, 0.1252, 0.1249, 0.1250, 0.1251, 0.1250],
        [0.1250, 0.1249, 0.1251, 0.1251, 0.1249, 0.1250, 0.1251, 0.1249],
        [0.1247, 0.1250, 0.1250, 0.1252, 0.1249, 0.1251, 0.1250, 0.1251],
        [0.1250, 0.1251, 0.1250, 0.1251, 0.1249, 0.1249, 0.1251, 0.1250],
        [0.1247, 0.1249, 0.1251, 0.1250, 0.1251, 0.1249, 0.1251, 0.1251],
        [0.1249, 0.1250, 0.1247, 0.1249, 0.1252, 0.1251, 0.1250, 0.1251],
        [0.1249, 0.1250, 0.1251, 0.1250, 0.1250, 0.1249, 0.1251, 0.1250],
        [0.1250, 0.1250, 0.1251, 0.1251, 0.1250, 0.1250, 0.1250, 0.1250],
        [0.1249, 0.1254, 0.1248, 0.1248, 0.1251, 0.1251, 0.1249, 0.1249],
        [0.1249, 0.1251, 0.1250, 0.1250, 0.1251, 0.1249, 0.1252, 0.1249],
        [0.1249, 0.1251, 0.1251, 0.1248, 0.1252, 0.1251, 0.1250, 0.1248],
        [0.1250, 0.1252, 0.1249, 0.1251, 0.1250, 0.1250, 0.1249, 0.1250],
        [0.1249, 0.1250, 0.1249, 0.1253, 0.1250, 0.1251, 0.1249, 0.1249]],
       device='cuda:0', grad_fn=<SoftmaxBackward>)
tensor([[0.1251, 0.1249, 0.1251, 0.1250, 0.1251, 0.1248, 0.1250, 0.1250],
        [0.1250, 0.1253, 0.1249, 0.1248, 0.1250, 0.1251, 0.1249, 0.1250],
        [0.1249, 0.1250, 0.1247, 0.1251, 0.1249, 0.1250, 0.1252, 0.1253],
        [0.1249, 0.1252, 0.1250, 0.1248, 0.1251, 0.1249, 0.1249, 0.1252],
        [0.1250, 0.1249, 0.1248, 0.1249, 0.1251, 0.1251, 0.1252, 0.1250],
        [0.1249, 0.1248, 0.1249, 0.1251, 0.1250, 0.1250, 0.1250, 0.1253],
        [0.1250, 0.1250, 0.1249, 0.1251, 0.1250, 0.1250, 0.1249, 0.1251],
        [0.1251, 0.1253, 0.1252, 0.1249, 0.1251, 0.1247, 0.1250, 0.1247],
        [0.1251, 0.1250, 0.1251, 0.1250, 0.1250, 0.1248, 0.1251, 0.1250],
        [0.1250, 0.1251, 0.1249, 0.1250, 0.1251, 0.1247, 0.1249, 0.1253],
        [0.1251, 0.1250, 0.1251, 0.1248, 0.1250, 0.1250, 0.1250, 0.1250],
        [0.1250, 0.1250, 0.1249, 0.1249, 0.1251, 0.1248, 0.1252, 0.1250],
        [0.1249, 0.1251, 0.1249, 0.1250, 0.1250, 0.1251, 0.1250, 0.1249],
        [0.1251, 0.1249, 0.1249, 0.1250, 0.1249, 0.1251, 0.1250, 0.1251]],
       device='cuda:0', grad_fn=<SoftmaxBackward>)
tensor([0.3332, 0.3334, 0.3334], device='cuda:0', grad_fn=<SoftmaxBackward>)
09/10 07:10:06 PM train 000 3.158833e-01 90.625000 100.000000
09/10 07:10:46 PM train 050 3.455771e-01 89.889706 98.958333
09/10 07:11:26 PM train 100 3.418588e-01 89.727723 99.009901
09/10 07:12:06 PM train 150 3.246237e-01 89.962748 99.192881
09/10 07:12:46 PM train 200 3.221297e-01 90.143035 99.253731
09/10 07:13:26 PM train 250 3.172731e-01 90.276394 99.228088
09/10 07:14:06 PM train 300 3.144226e-01 90.458887 99.221346
09/10 07:14:46 PM train 350 3.065874e-01 90.803063 99.243234
09/10 07:15:26 PM train 400 3.002678e-01 90.858791 99.314214
09/10 07:16:06 PM train 450 2.942389e-01 91.006098 99.334812
09/10 07:16:46 PM train 500 2.908546e-01 91.161427 99.370010
09/10 07:17:26 PM train 550 2.835795e-01 91.379310 99.404492
09/10 07:18:06 PM train 600 2.813877e-01 91.430948 99.407238
09/10 07:18:46 PM train 650 2.787469e-01 91.537058 99.414363
09/10 07:19:26 PM train 700 2.751946e-01 91.623573 99.424929
09/10 07:20:06 PM train 750 2.722277e-01 91.706891 99.442410
09/10 07:20:46 PM train 800 2.676029e-01 91.861735 99.473315
09/10 07:21:26 PM train 850 2.653710e-01 91.913925 99.482227
09/10 07:22:06 PM train 900 2.639996e-01 91.998474 99.493618
09/10 07:22:35 PM train_acc 92.026667
09/10 07:22:36 PM epoch 2 lr 9.460482e-02
09/10 07:22:36 PM genotype = Genotype(normal=[('skip_connect', 1), ('avg_pool_3x3', 0), ('skip_connect', 1), ('dil_conv_3x3', 2), ('dil_conv_5x5', 0), ('skip_connect', 3), ('max_pool_3x3', 0), ('skip_connect', 4)], normal_concat=range(2, 6), reduce=[('max_pool_3x3', 1), ('sep_conv_3x3', 0), ('dil_conv_5x5', 1), ('dil_conv_3x3', 2), ('dil_conv_5x5', 1), ('avg_pool_3x3', 3), ('dil_conv_5x5', 0), ('max_pool_3x3', 3)], reduce_concat=range(2, 6))
tensor([[0.1249, 0.1252, 0.1252, 0.1249, 0.1249, 0.1250, 0.1250, 0.1250],
        [0.1249, 0.1251, 0.1250, 0.1252, 0.1249, 0.1250, 0.1251, 0.1250],
        [0.1250, 0.1249, 0.1251, 0.1251, 0.1249, 0.1250, 0.1251, 0.1249],
        [0.1247, 0.1250, 0.1250, 0.1252, 0.1249, 0.1251, 0.1250, 0.1251],
        [0.1250, 0.1251, 0.1250, 0.1251, 0.1249, 0.1249, 0.1251, 0.1250],
        [0.1247, 0.1249, 0.1251, 0.1250, 0.1251, 0.1249, 0.1251, 0.1251],
        [0.1249, 0.1250, 0.1247, 0.1249, 0.1252, 0.1251, 0.1250, 0.1251],
        [0.1249, 0.1250, 0.1251, 0.1250, 0.1250, 0.1249, 0.1251, 0.1250],
        [0.1250, 0.1250, 0.1251, 0.1251, 0.1250, 0.1250, 0.1250, 0.1250],
        [0.1249, 0.1254, 0.1248, 0.1248, 0.1251, 0.1251, 0.1249, 0.1249],
        [0.1249, 0.1251, 0.1250, 0.1250, 0.1251, 0.1249, 0.1252, 0.1249],
        [0.1249, 0.1251, 0.1251, 0.1248, 0.1252, 0.1251, 0.1250, 0.1248],
        [0.1250, 0.1252, 0.1249, 0.1251, 0.1250, 0.1250, 0.1249, 0.1250],
        [0.1249, 0.1250, 0.1249, 0.1253, 0.1250, 0.1251, 0.1249, 0.1249]],
       device='cuda:0', grad_fn=<SoftmaxBackward>)
tensor([[0.1251, 0.1249, 0.1251, 0.1250, 0.1251, 0.1248, 0.1250, 0.1250],
        [0.1250, 0.1253, 0.1249, 0.1248, 0.1250, 0.1251, 0.1249, 0.1250],
        [0.1249, 0.1250, 0.1247, 0.1251, 0.1249, 0.1250, 0.1252, 0.1253],
        [0.1249, 0.1252, 0.1250, 0.1248, 0.1251, 0.1249, 0.1249, 0.1252],
        [0.1250, 0.1249, 0.1248, 0.1249, 0.1251, 0.1251, 0.1252, 0.1250],
        [0.1249, 0.1248, 0.1249, 0.1251, 0.1250, 0.1250, 0.1250, 0.1253],
        [0.1250, 0.1250, 0.1249, 0.1251, 0.1250, 0.1250, 0.1249, 0.1251],
        [0.1251, 0.1253, 0.1252, 0.1249, 0.1251, 0.1247, 0.1250, 0.1247],
        [0.1251, 0.1250, 0.1251, 0.1250, 0.1250, 0.1248, 0.1251, 0.1250],
        [0.1250, 0.1251, 0.1249, 0.1250, 0.1251, 0.1247, 0.1249, 0.1253],
        [0.1251, 0.1250, 0.1251, 0.1248, 0.1250, 0.1250, 0.1250, 0.1250],
        [0.1250, 0.1250, 0.1249, 0.1249, 0.1251, 0.1248, 0.1252, 0.1250],
        [0.1249, 0.1251, 0.1249, 0.1250, 0.1250, 0.1251, 0.1250, 0.1249],
        [0.1251, 0.1249, 0.1249, 0.1250, 0.1249, 0.1251, 0.1250, 0.1251]],
       device='cuda:0', grad_fn=<SoftmaxBackward>)
tensor([0.3332, 0.3334, 0.3334], device='cuda:0', grad_fn=<SoftmaxBackward>)
09/10 07:22:36 PM train 000 1.430309e-01 93.750000 100.000000
09/10 07:23:16 PM train 050 2.162980e-01 93.137255 99.816176
09/10 07:23:56 PM train 100 2.125629e-01 93.502475 99.814356
09/10 07:24:36 PM train 150 2.138400e-01 93.770695 99.710265
09/10 07:25:16 PM train 200 2.163699e-01 93.563433 99.720149
09/10 07:25:56 PM train 250 2.148338e-01 93.613048 99.713645
09/10 07:26:36 PM train 300 2.092022e-01 93.801910 99.719684
09/10 07:27:16 PM train 350 2.095893e-01 93.669872 99.724003
09/10 07:27:56 PM train 400 2.057714e-01 93.804551 99.719451
09/10 07:28:36 PM train 450 2.027423e-01 93.888581 99.722838
09/10 07:29:16 PM train 500 2.011689e-01 93.987026 99.719311
09/10 07:29:56 PM train 550 2.002632e-01 93.993875 99.716425
09/10 07:30:36 PM train 600 2.003549e-01 93.978785 99.729617
09/10 07:31:16 PM train 650 2.003140e-01 93.975614 99.716782
09/10 07:31:56 PM train 700 2.008186e-01 93.977354 99.705777
09/10 07:32:36 PM train 750 1.968910e-01 94.082889 99.725366
09/10 07:33:16 PM train 800 1.945396e-01 94.124532 99.730805
09/10 07:33:56 PM train 850 1.940814e-01 94.146592 99.728261
09/10 07:34:36 PM train 900 1.924886e-01 94.193951 99.722531
09/10 07:35:06 PM train_acc 94.200000
09/10 07:35:06 PM epoch 3 lr 9.054634e-02
09/10 07:35:06 PM genotype = Genotype(normal=[('skip_connect', 1), ('avg_pool_3x3', 0), ('skip_connect', 1), ('dil_conv_3x3', 2), ('dil_conv_5x5', 0), ('skip_connect', 3), ('max_pool_3x3', 0), ('skip_connect', 4)], normal_concat=range(2, 6), reduce=[('max_pool_3x3', 1), ('sep_conv_3x3', 0), ('dil_conv_5x5', 1), ('dil_conv_3x3', 2), ('dil_conv_5x5', 1), ('avg_pool_3x3', 3), ('dil_conv_5x5', 0), ('max_pool_3x3', 3)], reduce_concat=range(2, 6))
tensor([[0.1249, 0.1252, 0.1252, 0.1249, 0.1249, 0.1250, 0.1250, 0.1250],
        [0.1249, 0.1251, 0.1250, 0.1252, 0.1249, 0.1250, 0.1251, 0.1250],
        [0.1250, 0.1249, 0.1251, 0.1251, 0.1249, 0.1250, 0.1251, 0.1249],
        [0.1247, 0.1250, 0.1250, 0.1252, 0.1249, 0.1251, 0.1250, 0.1251],
        [0.1250, 0.1251, 0.1250, 0.1251, 0.1249, 0.1249, 0.1251, 0.1250],
        [0.1247, 0.1249, 0.1251, 0.1250, 0.1251, 0.1249, 0.1251, 0.1251],
        [0.1249, 0.1250, 0.1247, 0.1249, 0.1252, 0.1251, 0.1250, 0.1251],
        [0.1249, 0.1250, 0.1251, 0.1250, 0.1250, 0.1249, 0.1251, 0.1250],
        [0.1250, 0.1250, 0.1251, 0.1251, 0.1250, 0.1250, 0.1250, 0.1250],
        [0.1249, 0.1254, 0.1248, 0.1248, 0.1251, 0.1251, 0.1249, 0.1249],
        [0.1249, 0.1251, 0.1250, 0.1250, 0.1251, 0.1249, 0.1252, 0.1249],
        [0.1249, 0.1251, 0.1251, 0.1248, 0.1252, 0.1251, 0.1250, 0.1248],
        [0.1250, 0.1252, 0.1249, 0.1251, 0.1250, 0.1250, 0.1249, 0.1250],
        [0.1249, 0.1250, 0.1249, 0.1253, 0.1250, 0.1251, 0.1249, 0.1249]],
       device='cuda:0', grad_fn=<SoftmaxBackward>)
tensor([[0.1251, 0.1249, 0.1251, 0.1250, 0.1251, 0.1248, 0.1250, 0.1250],
        [0.1250, 0.1253, 0.1249, 0.1248, 0.1250, 0.1251, 0.1249, 0.1250],
        [0.1249, 0.1250, 0.1247, 0.1251, 0.1249, 0.1250, 0.1252, 0.1253],
        [0.1249, 0.1252, 0.1250, 0.1248, 0.1251, 0.1249, 0.1249, 0.1252],
        [0.1250, 0.1249, 0.1248, 0.1249, 0.1251, 0.1251, 0.1252, 0.1250],
        [0.1249, 0.1248, 0.1249, 0.1251, 0.1250, 0.1250, 0.1250, 0.1253],
        [0.1250, 0.1250, 0.1249, 0.1251, 0.1250, 0.1250, 0.1249, 0.1251],
        [0.1251, 0.1253, 0.1252, 0.1249, 0.1251, 0.1247, 0.1250, 0.1247],
        [0.1251, 0.1250, 0.1251, 0.1250, 0.1250, 0.1248, 0.1251, 0.1250],
        [0.1250, 0.1251, 0.1249, 0.1250, 0.1251, 0.1247, 0.1249, 0.1253],
        [0.1251, 0.1250, 0.1251, 0.1248, 0.1250, 0.1250, 0.1250, 0.1250],
        [0.1250, 0.1250, 0.1249, 0.1249, 0.1251, 0.1248, 0.1252, 0.1250],
        [0.1249, 0.1251, 0.1249, 0.1250, 0.1250, 0.1251, 0.1250, 0.1249],
        [0.1251, 0.1249, 0.1249, 0.1250, 0.1249, 0.1251, 0.1250, 0.1251]],
       device='cuda:0', grad_fn=<SoftmaxBackward>)
tensor([0.3332, 0.3334, 0.3334], device='cuda:0', grad_fn=<SoftmaxBackward>)
09/10 07:35:07 PM train 000 3.171175e-01 87.500000 96.875000
09/10 07:35:47 PM train 050 1.494076e-01 95.465686 99.938725
09/10 07:36:27 PM train 100 1.357425e-01 95.606436 99.938119
09/10 07:37:07 PM train 150 1.372787e-01 95.633278 99.917219
09/10 07:37:47 PM train 200 1.471779e-01 95.460199 99.922264
09/10 07:38:27 PM train 250 1.507540e-01 95.380976 99.912849
09/10 07:39:07 PM train 300 1.536461e-01 95.234635 99.906561
09/10 07:39:47 PM train 350 1.579642e-01 95.156695 99.893162
09/10 07:40:28 PM train 400 1.574881e-01 95.277431 99.859726
09/10 07:41:08 PM train 450 1.554840e-01 95.329823 99.854490
09/10 07:41:48 PM train 500 1.548618e-01 95.271956 99.856537
09/10 07:42:28 PM train 550 1.579810e-01 95.179220 99.852541
09/10 07:43:10 PM train 600 1.588908e-01 95.107113 99.849210
09/10 07:43:51 PM train 650 1.585665e-01 95.108487 99.836790
09/10 07:44:31 PM train 700 1.596021e-01 95.047254 99.826141
09/10 07:45:10 PM train 750 1.601058e-01 95.031625 99.821072
09/10 07:45:50 PM train 800 1.593541e-01 95.084270 99.816635
09/10 07:46:30 PM train 850 1.572278e-01 95.156434 99.827409
09/10 07:47:10 PM train 900 1.565644e-01 95.189373 99.823113
09/10 07:47:40 PM train_acc 95.223333
09/10 07:47:40 PM epoch 4 lr 8.550179e-02
09/10 07:47:40 PM genotype = Genotype(normal=[('skip_connect', 1), ('avg_pool_3x3', 0), ('skip_connect', 1), ('dil_conv_3x3', 2), ('dil_conv_5x5', 0), ('skip_connect', 3), ('max_pool_3x3', 0), ('skip_connect', 4)], normal_concat=range(2, 6), reduce=[('max_pool_3x3', 1), ('sep_conv_3x3', 0), ('dil_conv_5x5', 1), ('dil_conv_3x3', 2), ('dil_conv_5x5', 1), ('avg_pool_3x3', 3), ('dil_conv_5x5', 0), ('max_pool_3x3', 3)], reduce_concat=range(2, 6))
tensor([[0.1249, 0.1252, 0.1252, 0.1249, 0.1249, 0.1250, 0.1250, 0.1250],
        [0.1249, 0.1251, 0.1250, 0.1252, 0.1249, 0.1250, 0.1251, 0.1250],
        [0.1250, 0.1249, 0.1251, 0.1251, 0.1249, 0.1250, 0.1251, 0.1249],
        [0.1247, 0.1250, 0.1250, 0.1252, 0.1249, 0.1251, 0.1250, 0.1251],
        [0.1250, 0.1251, 0.1250, 0.1251, 0.1249, 0.1249, 0.1251, 0.1250],
        [0.1247, 0.1249, 0.1251, 0.1250, 0.1251, 0.1249, 0.1251, 0.1251],
        [0.1249, 0.1250, 0.1247, 0.1249, 0.1252, 0.1251, 0.1250, 0.1251],
        [0.1249, 0.1250, 0.1251, 0.1250, 0.1250, 0.1249, 0.1251, 0.1250],
        [0.1250, 0.1250, 0.1251, 0.1251, 0.1250, 0.1250, 0.1250, 0.1250],
        [0.1249, 0.1254, 0.1248, 0.1248, 0.1251, 0.1251, 0.1249, 0.1249],
        [0.1249, 0.1251, 0.1250, 0.1250, 0.1251, 0.1249, 0.1252, 0.1249],
        [0.1249, 0.1251, 0.1251, 0.1248, 0.1252, 0.1251, 0.1250, 0.1248],
        [0.1250, 0.1252, 0.1249, 0.1251, 0.1250, 0.1250, 0.1249, 0.1250],
        [0.1249, 0.1250, 0.1249, 0.1253, 0.1250, 0.1251, 0.1249, 0.1249]],
       device='cuda:0', grad_fn=<SoftmaxBackward>)
tensor([[0.1251, 0.1249, 0.1251, 0.1250, 0.1251, 0.1248, 0.1250, 0.1250],
        [0.1250, 0.1253, 0.1249, 0.1248, 0.1250, 0.1251, 0.1249, 0.1250],
        [0.1249, 0.1250, 0.1247, 0.1251, 0.1249, 0.1250, 0.1252, 0.1253],
        [0.1249, 0.1252, 0.1250, 0.1248, 0.1251, 0.1249, 0.1249, 0.1252],
        [0.1250, 0.1249, 0.1248, 0.1249, 0.1251, 0.1251, 0.1252, 0.1250],
        [0.1249, 0.1248, 0.1249, 0.1251, 0.1250, 0.1250, 0.1250, 0.1253],
        [0.1250, 0.1250, 0.1249, 0.1251, 0.1250, 0.1250, 0.1249, 0.1251],
        [0.1251, 0.1253, 0.1252, 0.1249, 0.1251, 0.1247, 0.1250, 0.1247],
        [0.1251, 0.1250, 0.1251, 0.1250, 0.1250, 0.1248, 0.1251, 0.1250],
        [0.1250, 0.1251, 0.1249, 0.1250, 0.1251, 0.1247, 0.1249, 0.1253],
        [0.1251, 0.1250, 0.1251, 0.1248, 0.1250, 0.1250, 0.1250, 0.1250],
        [0.1250, 0.1250, 0.1249, 0.1249, 0.1251, 0.1248, 0.1252, 0.1250],
        [0.1249, 0.1251, 0.1249, 0.1250, 0.1250, 0.1251, 0.1250, 0.1249],
        [0.1251, 0.1249, 0.1249, 0.1250, 0.1249, 0.1251, 0.1250, 0.1251]],
       device='cuda:0', grad_fn=<SoftmaxBackward>)
tensor([0.3332, 0.3334, 0.3334], device='cuda:0', grad_fn=<SoftmaxBackward>)
09/10 07:47:41 PM train 000 1.387824e-01 93.750000 100.000000
09/10 07:48:21 PM train 050 1.518089e-01 95.098039 99.877451
09/10 07:49:01 PM train 100 1.445374e-01 95.575495 99.783416
09/10 07:49:41 PM train 150 1.415588e-01 95.819536 99.793046
09/10 07:50:21 PM train 200 1.399013e-01 95.771144 99.797886
09/10 07:51:01 PM train 250 1.357075e-01 95.891434 99.800797
09/10 07:51:41 PM train 300 1.363483e-01 95.795266 99.792359
09/10 07:52:21 PM train 350 1.368439e-01 95.699786 99.795228
09/10 07:53:01 PM train 400 1.340240e-01 95.822943 99.812968
09/10 07:53:41 PM train 450 1.368343e-01 95.766353 99.819845
09/10 07:54:21 PM train 500 1.370092e-01 95.777196 99.819112
09/10 07:55:01 PM train 550 1.363440e-01 95.791742 99.812840
09/10 07:55:41 PM train 600 1.362103e-01 95.814268 99.828411
09/10 07:56:21 PM train 650 1.342512e-01 95.876536 99.836790
09/10 07:57:01 PM train 700 1.337596e-01 95.925464 99.830599
09/10 07:57:41 PM train 750 1.339014e-01 95.934587 99.837716
09/10 07:58:21 PM train 800 1.340339e-01 95.938670 99.836142
09/10 07:59:01 PM train 850 1.328610e-01 95.956962 99.842098
09/10 07:59:41 PM train 900 1.341789e-01 95.896920 99.840455
09/10 08:00:11 PM train_acc 95.893333
09/10 08:00:11 PM epoch 5 lr 7.959537e-02
09/10 08:00:11 PM genotype = Genotype(normal=[('skip_connect', 1), ('avg_pool_3x3', 0), ('skip_connect', 1), ('dil_conv_3x3', 2), ('dil_conv_5x5', 0), ('skip_connect', 3), ('max_pool_3x3', 0), ('skip_connect', 4)], normal_concat=range(2, 6), reduce=[('max_pool_3x3', 1), ('sep_conv_3x3', 0), ('dil_conv_5x5', 1), ('dil_conv_3x3', 2), ('dil_conv_5x5', 1), ('avg_pool_3x3', 3), ('dil_conv_5x5', 0), ('max_pool_3x3', 3)], reduce_concat=range(2, 6))
tensor([[0.1249, 0.1252, 0.1252, 0.1249, 0.1249, 0.1250, 0.1250, 0.1250],
        [0.1249, 0.1251, 0.1250, 0.1252, 0.1249, 0.1250, 0.1251, 0.1250],
        [0.1250, 0.1249, 0.1251, 0.1251, 0.1249, 0.1250, 0.1251, 0.1249],
        [0.1247, 0.1250, 0.1250, 0.1252, 0.1249, 0.1251, 0.1250, 0.1251],
        [0.1250, 0.1251, 0.1250, 0.1251, 0.1249, 0.1249, 0.1251, 0.1250],
        [0.1247, 0.1249, 0.1251, 0.1250, 0.1251, 0.1249, 0.1251, 0.1251],
        [0.1249, 0.1250, 0.1247, 0.1249, 0.1252, 0.1251, 0.1250, 0.1251],
        [0.1249, 0.1250, 0.1251, 0.1250, 0.1250, 0.1249, 0.1251, 0.1250],
        [0.1250, 0.1250, 0.1251, 0.1251, 0.1250, 0.1250, 0.1250, 0.1250],
        [0.1249, 0.1254, 0.1248, 0.1248, 0.1251, 0.1251, 0.1249, 0.1249],
        [0.1249, 0.1251, 0.1250, 0.1250, 0.1251, 0.1249, 0.1252, 0.1249],
        [0.1249, 0.1251, 0.1251, 0.1248, 0.1252, 0.1251, 0.1250, 0.1248],
        [0.1250, 0.1252, 0.1249, 0.1251, 0.1250, 0.1250, 0.1249, 0.1250],
        [0.1249, 0.1250, 0.1249, 0.1253, 0.1250, 0.1251, 0.1249, 0.1249]],
       device='cuda:0', grad_fn=<SoftmaxBackward>)
tensor([[0.1251, 0.1249, 0.1251, 0.1250, 0.1251, 0.1248, 0.1250, 0.1250],
        [0.1250, 0.1253, 0.1249, 0.1248, 0.1250, 0.1251, 0.1249, 0.1250],
        [0.1249, 0.1250, 0.1247, 0.1251, 0.1249, 0.1250, 0.1252, 0.1253],
        [0.1249, 0.1252, 0.1250, 0.1248, 0.1251, 0.1249, 0.1249, 0.1252],
        [0.1250, 0.1249, 0.1248, 0.1249, 0.1251, 0.1251, 0.1252, 0.1250],
        [0.1249, 0.1248, 0.1249, 0.1251, 0.1250, 0.1250, 0.1250, 0.1253],
        [0.1250, 0.1250, 0.1249, 0.1251, 0.1250, 0.1250, 0.1249, 0.1251],
        [0.1251, 0.1253, 0.1252, 0.1249, 0.1251, 0.1247, 0.1250, 0.1247],
        [0.1251, 0.1250, 0.1251, 0.1250, 0.1250, 0.1248, 0.1251, 0.1250],
        [0.1250, 0.1251, 0.1249, 0.1250, 0.1251, 0.1247, 0.1249, 0.1253],
        [0.1251, 0.1250, 0.1251, 0.1248, 0.1250, 0.1250, 0.1250, 0.1250],
        [0.1250, 0.1250, 0.1249, 0.1249, 0.1251, 0.1248, 0.1252, 0.1250],
        [0.1249, 0.1251, 0.1249, 0.1250, 0.1250, 0.1251, 0.1250, 0.1249],
        [0.1251, 0.1249, 0.1249, 0.1250, 0.1249, 0.1251, 0.1250, 0.1251]],
       device='cuda:0', grad_fn=<SoftmaxBackward>)
tensor([0.3332, 0.3334, 0.3334], device='cuda:0', grad_fn=<SoftmaxBackward>)
09/10 08:00:12 PM train 000 1.692723e-01 96.875000 96.875000
09/10 08:00:52 PM train 050 1.181047e-01 96.078431 99.938725
09/10 08:01:31 PM train 100 1.219261e-01 96.194307 99.907178
09/10 08:02:11 PM train 150 1.305932e-01 96.026490 99.855132
09/10 08:02:51 PM train 200 1.217349e-01 96.330846 99.860075
09/10 08:03:31 PM train 250 1.241962e-01 96.364542 99.825697
09/10 08:04:11 PM train 300 1.280328e-01 96.137874 99.844269
09/10 08:04:51 PM train 350 1.277919e-01 96.091524 99.866453
09/10 08:05:31 PM train 400 1.263439e-01 96.181421 99.867519
09/10 08:06:11 PM train 450 1.272322e-01 96.092018 99.861419
09/10 08:06:51 PM train 500 1.281080e-01 96.076597 99.856537
09/10 08:07:31 PM train 550 1.286292e-01 96.052632 99.858212
09/10 08:08:11 PM train 600 1.280265e-01 96.053453 99.864809
09/10 08:08:51 PM train 650 1.265708e-01 96.106951 99.870392
09/10 08:09:31 PM train 700 1.269671e-01 96.112696 99.857347
09/10 08:10:11 PM train 750 1.267038e-01 96.096871 99.866844
09/10 08:10:51 PM train 800 1.261082e-01 96.110331 99.871255
09/10 08:11:31 PM train 850 1.270908e-01 96.107521 99.867803
09/10 08:12:11 PM train 900 1.278755e-01 96.101554 99.864734
09/10 08:12:41 PM train_acc 96.090000
09/10 08:12:41 PM epoch 6 lr 7.297253e-02
09/10 08:12:41 PM genotype = Genotype(normal=[('skip_connect', 1), ('avg_pool_3x3', 0), ('skip_connect', 1), ('dil_conv_3x3', 2), ('dil_conv_5x5', 0), ('skip_connect', 3), ('max_pool_3x3', 0), ('skip_connect', 4)], normal_concat=range(2, 6), reduce=[('max_pool_3x3', 1), ('sep_conv_3x3', 0), ('dil_conv_5x5', 1), ('dil_conv_3x3', 2), ('dil_conv_5x5', 1), ('avg_pool_3x3', 3), ('dil_conv_5x5', 0), ('max_pool_3x3', 3)], reduce_concat=range(2, 6))
tensor([[0.1249, 0.1252, 0.1252, 0.1249, 0.1249, 0.1250, 0.1250, 0.1250],
        [0.1249, 0.1251, 0.1250, 0.1252, 0.1249, 0.1250, 0.1251, 0.1250],
        [0.1250, 0.1249, 0.1251, 0.1251, 0.1249, 0.1250, 0.1251, 0.1249],
        [0.1247, 0.1250, 0.1250, 0.1252, 0.1249, 0.1251, 0.1250, 0.1251],
        [0.1250, 0.1251, 0.1250, 0.1251, 0.1249, 0.1249, 0.1251, 0.1250],
        [0.1247, 0.1249, 0.1251, 0.1250, 0.1251, 0.1249, 0.1251, 0.1251],
        [0.1249, 0.1250, 0.1247, 0.1249, 0.1252, 0.1251, 0.1250, 0.1251],
        [0.1249, 0.1250, 0.1251, 0.1250, 0.1250, 0.1249, 0.1251, 0.1250],
        [0.1250, 0.1250, 0.1251, 0.1251, 0.1250, 0.1250, 0.1250, 0.1250],
        [0.1249, 0.1254, 0.1248, 0.1248, 0.1251, 0.1251, 0.1249, 0.1249],
        [0.1249, 0.1251, 0.1250, 0.1250, 0.1251, 0.1249, 0.1252, 0.1249],
        [0.1249, 0.1251, 0.1251, 0.1248, 0.1252, 0.1251, 0.1250, 0.1248],
        [0.1250, 0.1252, 0.1249, 0.1251, 0.1250, 0.1250, 0.1249, 0.1250],
        [0.1249, 0.1250, 0.1249, 0.1253, 0.1250, 0.1251, 0.1249, 0.1249]],
       device='cuda:0', grad_fn=<SoftmaxBackward>)
tensor([[0.1251, 0.1249, 0.1251, 0.1250, 0.1251, 0.1248, 0.1250, 0.1250],
        [0.1250, 0.1253, 0.1249, 0.1248, 0.1250, 0.1251, 0.1249, 0.1250],
        [0.1249, 0.1250, 0.1247, 0.1251, 0.1249, 0.1250, 0.1252, 0.1253],
        [0.1249, 0.1252, 0.1250, 0.1248, 0.1251, 0.1249, 0.1249, 0.1252],
        [0.1250, 0.1249, 0.1248, 0.1249, 0.1251, 0.1251, 0.1252, 0.1250],
        [0.1249, 0.1248, 0.1249, 0.1251, 0.1250, 0.1250, 0.1250, 0.1253],
        [0.1250, 0.1250, 0.1249, 0.1251, 0.1250, 0.1250, 0.1249, 0.1251],
        [0.1251, 0.1253, 0.1252, 0.1249, 0.1251, 0.1247, 0.1250, 0.1247],
        [0.1251, 0.1250, 0.1251, 0.1250, 0.1250, 0.1248, 0.1251, 0.1250],
        [0.1250, 0.1251, 0.1249, 0.1250, 0.1251, 0.1247, 0.1249, 0.1253],
        [0.1251, 0.1250, 0.1251, 0.1248, 0.1250, 0.1250, 0.1250, 0.1250],
        [0.1250, 0.1250, 0.1249, 0.1249, 0.1251, 0.1248, 0.1252, 0.1250],
        [0.1249, 0.1251, 0.1249, 0.1250, 0.1250, 0.1251, 0.1250, 0.1249],
        [0.1251, 0.1249, 0.1249, 0.1250, 0.1249, 0.1251, 0.1250, 0.1251]],
       device='cuda:0', grad_fn=<SoftmaxBackward>)
tensor([0.3332, 0.3334, 0.3334], device='cuda:0', grad_fn=<SoftmaxBackward>)
09/10 08:12:42 PM train 000 1.131283e-01 93.750000 100.000000
09/10 08:13:22 PM train 050 9.399566e-02 97.242647 100.000000
09/10 08:14:02 PM train 100 9.058970e-02 97.246287 100.000000
09/10 08:14:42 PM train 150 9.235191e-02 97.081954 100.000000
09/10 08:15:22 PM train 200 9.931953e-02 96.968284 99.953358
09/10 08:16:02 PM train 250 1.037514e-01 96.887450 99.950199
09/10 08:16:42 PM train 300 1.012067e-01 97.009967 99.948090
09/10 08:17:22 PM train 350 1.013537e-01 96.928419 99.946581
09/10 08:18:02 PM train 400 1.037976e-01 96.882793 99.922070
09/10 08:18:42 PM train 450 1.042206e-01 96.819568 99.930710
09/10 08:19:22 PM train 500 1.041342e-01 96.800150 99.937625
09/10 08:20:02 PM train 550 1.077006e-01 96.710526 99.920599
09/10 08:20:42 PM train 600 1.090098e-01 96.656614 99.916805
09/10 08:21:22 PM train 650 1.104976e-01 96.654186 99.908794
09/10 08:22:02 PM train 700 1.110277e-01 96.634272 99.906384
09/10 08:22:42 PM train 750 1.103940e-01 96.625333 99.908455
09/10 08:23:22 PM train 800 1.098574e-01 96.668227 99.910268
09/10 08:24:03 PM train 850 1.100548e-01 96.665687 99.904524
09/10 08:24:43 PM train 900 1.097953e-01 96.677303 99.906354
09/10 08:25:13 PM train_acc 96.646667
09/10 08:25:13 PM epoch 7 lr 6.579634e-02
09/10 08:25:13 PM genotype = Genotype(normal=[('skip_connect', 1), ('avg_pool_3x3', 0), ('skip_connect', 1), ('dil_conv_3x3', 2), ('dil_conv_5x5', 0), ('skip_connect', 3), ('max_pool_3x3', 0), ('skip_connect', 4)], normal_concat=range(2, 6), reduce=[('max_pool_3x3', 1), ('sep_conv_3x3', 0), ('dil_conv_5x5', 1), ('dil_conv_3x3', 2), ('dil_conv_5x5', 1), ('avg_pool_3x3', 3), ('dil_conv_5x5', 0), ('max_pool_3x3', 3)], reduce_concat=range(2, 6))
tensor([[0.1249, 0.1252, 0.1252, 0.1249, 0.1249, 0.1250, 0.1250, 0.1250],
        [0.1249, 0.1251, 0.1250, 0.1252, 0.1249, 0.1250, 0.1251, 0.1250],
        [0.1250, 0.1249, 0.1251, 0.1251, 0.1249, 0.1250, 0.1251, 0.1249],
        [0.1247, 0.1250, 0.1250, 0.1252, 0.1249, 0.1251, 0.1250, 0.1251],
        [0.1250, 0.1251, 0.1250, 0.1251, 0.1249, 0.1249, 0.1251, 0.1250],
        [0.1247, 0.1249, 0.1251, 0.1250, 0.1251, 0.1249, 0.1251, 0.1251],
        [0.1249, 0.1250, 0.1247, 0.1249, 0.1252, 0.1251, 0.1250, 0.1251],
        [0.1249, 0.1250, 0.1251, 0.1250, 0.1250, 0.1249, 0.1251, 0.1250],
        [0.1250, 0.1250, 0.1251, 0.1251, 0.1250, 0.1250, 0.1250, 0.1250],
        [0.1249, 0.1254, 0.1248, 0.1248, 0.1251, 0.1251, 0.1249, 0.1249],
        [0.1249, 0.1251, 0.1250, 0.1250, 0.1251, 0.1249, 0.1252, 0.1249],
        [0.1249, 0.1251, 0.1251, 0.1248, 0.1252, 0.1251, 0.1250, 0.1248],
        [0.1250, 0.1252, 0.1249, 0.1251, 0.1250, 0.1250, 0.1249, 0.1250],
        [0.1249, 0.1250, 0.1249, 0.1253, 0.1250, 0.1251, 0.1249, 0.1249]],
       device='cuda:0', grad_fn=<SoftmaxBackward>)
tensor([[0.1251, 0.1249, 0.1251, 0.1250, 0.1251, 0.1248, 0.1250, 0.1250],
        [0.1250, 0.1253, 0.1249, 0.1248, 0.1250, 0.1251, 0.1249, 0.1250],
        [0.1249, 0.1250, 0.1247, 0.1251, 0.1249, 0.1250, 0.1252, 0.1253],
        [0.1249, 0.1252, 0.1250, 0.1248, 0.1251, 0.1249, 0.1249, 0.1252],
        [0.1250, 0.1249, 0.1248, 0.1249, 0.1251, 0.1251, 0.1252, 0.1250],
        [0.1249, 0.1248, 0.1249, 0.1251, 0.1250, 0.1250, 0.1250, 0.1253],
        [0.1250, 0.1250, 0.1249, 0.1251, 0.1250, 0.1250, 0.1249, 0.1251],
        [0.1251, 0.1253, 0.1252, 0.1249, 0.1251, 0.1247, 0.1250, 0.1247],
        [0.1251, 0.1250, 0.1251, 0.1250, 0.1250, 0.1248, 0.1251, 0.1250],
        [0.1250, 0.1251, 0.1249, 0.1250, 0.1251, 0.1247, 0.1249, 0.1253],
        [0.1251, 0.1250, 0.1251, 0.1248, 0.1250, 0.1250, 0.1250, 0.1250],
        [0.1250, 0.1250, 0.1249, 0.1249, 0.1251, 0.1248, 0.1252, 0.1250],
        [0.1249, 0.1251, 0.1249, 0.1250, 0.1250, 0.1251, 0.1250, 0.1249],
        [0.1251, 0.1249, 0.1249, 0.1250, 0.1249, 0.1251, 0.1250, 0.1251]],
       device='cuda:0', grad_fn=<SoftmaxBackward>)
tensor([0.3332, 0.3334, 0.3334], device='cuda:0', grad_fn=<SoftmaxBackward>)
09/10 08:25:14 PM train 000 8.754390e-02 93.750000 100.000000
09/10 08:25:54 PM train 050 9.365832e-02 96.997549 100.000000
09/10 08:26:34 PM train 100 8.675171e-02 97.431931 100.000000
09/10 08:27:14 PM train 150 8.378781e-02 97.516556 99.979305
09/10 08:27:54 PM train 200 8.781210e-02 97.372512 99.984453
09/10 08:28:34 PM train 250 9.054519e-02 97.273406 99.950199
09/10 08:29:14 PM train 300 9.039247e-02 97.269518 99.927326
09/10 08:29:54 PM train 350 9.034718e-02 97.231125 99.919872
09/10 08:30:34 PM train 400 8.985729e-02 97.280237 99.929863
09/10 08:31:14 PM train 450 9.179176e-02 97.207594 99.930710
09/10 08:31:54 PM train 500 9.243105e-02 97.180639 99.937625
09/10 08:32:34 PM train 550 9.221500e-02 97.164247 99.943285
09/10 08:33:14 PM train 600 9.416258e-02 97.103785 99.942804
09/10 08:33:54 PM train 650 9.652727e-02 97.028610 99.923195
09/10 08:34:34 PM train 700 9.743992e-02 96.990906 99.924215
09/10 08:35:14 PM train 750 9.714884e-02 97.016478 99.920939
09/10 08:35:55 PM train 800 9.690158e-02 97.015449 99.921973
09/10 08:36:35 PM train 850 9.653162e-02 97.032902 99.926557
09/10 08:37:15 PM train 900 9.684987e-02 97.034545 99.927164
09/10 08:37:45 PM train_acc 97.026667
09/10 08:37:45 PM epoch 8 lr 5.824351e-02
09/10 08:37:45 PM genotype = Genotype(normal=[('skip_connect', 1), ('avg_pool_3x3', 0), ('skip_connect', 1), ('dil_conv_3x3', 2), ('dil_conv_5x5', 0), ('skip_connect', 3), ('max_pool_3x3', 0), ('skip_connect', 4)], normal_concat=range(2, 6), reduce=[('max_pool_3x3', 1), ('sep_conv_3x3', 0), ('dil_conv_5x5', 1), ('dil_conv_3x3', 2), ('dil_conv_5x5', 1), ('avg_pool_3x3', 3), ('dil_conv_5x5', 0), ('max_pool_3x3', 3)], reduce_concat=range(2, 6))
tensor([[0.1249, 0.1252, 0.1252, 0.1249, 0.1249, 0.1250, 0.1250, 0.1250],
        [0.1249, 0.1251, 0.1250, 0.1252, 0.1249, 0.1250, 0.1251, 0.1250],
        [0.1250, 0.1249, 0.1251, 0.1251, 0.1249, 0.1250, 0.1251, 0.1249],
        [0.1247, 0.1250, 0.1250, 0.1252, 0.1249, 0.1251, 0.1250, 0.1251],
        [0.1250, 0.1251, 0.1250, 0.1251, 0.1249, 0.1249, 0.1251, 0.1250],
        [0.1247, 0.1249, 0.1251, 0.1250, 0.1251, 0.1249, 0.1251, 0.1251],
        [0.1249, 0.1250, 0.1247, 0.1249, 0.1252, 0.1251, 0.1250, 0.1251],
        [0.1249, 0.1250, 0.1251, 0.1250, 0.1250, 0.1249, 0.1251, 0.1250],
        [0.1250, 0.1250, 0.1251, 0.1251, 0.1250, 0.1250, 0.1250, 0.1250],
        [0.1249, 0.1254, 0.1248, 0.1248, 0.1251, 0.1251, 0.1249, 0.1249],
        [0.1249, 0.1251, 0.1250, 0.1250, 0.1251, 0.1249, 0.1252, 0.1249],
        [0.1249, 0.1251, 0.1251, 0.1248, 0.1252, 0.1251, 0.1250, 0.1248],
        [0.1250, 0.1252, 0.1249, 0.1251, 0.1250, 0.1250, 0.1249, 0.1250],
        [0.1249, 0.1250, 0.1249, 0.1253, 0.1250, 0.1251, 0.1249, 0.1249]],
       device='cuda:0', grad_fn=<SoftmaxBackward>)
tensor([[0.1251, 0.1249, 0.1251, 0.1250, 0.1251, 0.1248, 0.1250, 0.1250],
        [0.1250, 0.1253, 0.1249, 0.1248, 0.1250, 0.1251, 0.1249, 0.1250],
        [0.1249, 0.1250, 0.1247, 0.1251, 0.1249, 0.1250, 0.1252, 0.1253],
        [0.1249, 0.1252, 0.1250, 0.1248, 0.1251, 0.1249, 0.1249, 0.1252],
        [0.1250, 0.1249, 0.1248, 0.1249, 0.1251, 0.1251, 0.1252, 0.1250],
        [0.1249, 0.1248, 0.1249, 0.1251, 0.1250, 0.1250, 0.1250, 0.1253],
        [0.1250, 0.1250, 0.1249, 0.1251, 0.1250, 0.1250, 0.1249, 0.1251],
        [0.1251, 0.1253, 0.1252, 0.1249, 0.1251, 0.1247, 0.1250, 0.1247],
        [0.1251, 0.1250, 0.1251, 0.1250, 0.1250, 0.1248, 0.1251, 0.1250],
        [0.1250, 0.1251, 0.1249, 0.1250, 0.1251, 0.1247, 0.1249, 0.1253],
        [0.1251, 0.1250, 0.1251, 0.1248, 0.1250, 0.1250, 0.1250, 0.1250],
        [0.1250, 0.1250, 0.1249, 0.1249, 0.1251, 0.1248, 0.1252, 0.1250],
        [0.1249, 0.1251, 0.1249, 0.1250, 0.1250, 0.1251, 0.1250, 0.1249],
        [0.1251, 0.1249, 0.1249, 0.1250, 0.1249, 0.1251, 0.1250, 0.1251]],
       device='cuda:0', grad_fn=<SoftmaxBackward>)
tensor([0.3332, 0.3334, 0.3334], device='cuda:0', grad_fn=<SoftmaxBackward>)
09/10 08:37:46 PM train 000 1.018161e-01 93.750000 100.000000
09/10 08:38:26 PM train 050 7.461069e-02 97.671569 99.938725
09/10 08:39:06 PM train 100 8.610670e-02 97.400990 99.845297
09/10 08:39:46 PM train 150 7.907316e-02 97.620033 99.896523
09/10 08:40:26 PM train 200 8.155180e-02 97.761194 99.860075
09/10 08:41:06 PM train 250 7.927879e-02 97.771414 99.875498
09/10 08:41:46 PM train 300 8.410768e-02 97.653654 99.885797
09/10 08:42:26 PM train 350 8.333488e-02 97.613960 99.902066
09/10 08:43:06 PM train 400 8.460099e-02 97.545200 99.898691
09/10 08:43:46 PM train 450 8.498631e-02 97.505543 99.902993
09/10 08:44:26 PM train 500 8.446944e-02 97.486277 99.912675
09/10 08:45:06 PM train 550 8.625793e-02 97.436479 99.909256
09/10 08:45:46 PM train 600 8.819895e-02 97.337770 99.906406
09/10 08:46:26 PM train 650 9.047882e-02 97.249424 99.913594
09/10 08:47:06 PM train 700 8.971689e-02 97.253923 99.910842
09/10 08:47:46 PM train 750 8.963636e-02 97.237017 99.912617
09/10 08:48:26 PM train 800 9.147028e-02 97.140293 99.914170
09/10 08:49:06 PM train 850 9.090243e-02 97.161428 99.911868
09/10 08:49:46 PM train 900 8.958931e-02 97.207963 99.916759
09/10 08:50:15 PM train_acc 97.243333
09/10 08:50:16 PM epoch 9 lr 5.050000e-02
09/10 08:50:16 PM genotype = Genotype(normal=[('skip_connect', 1), ('avg_pool_3x3', 0), ('skip_connect', 1), ('dil_conv_3x3', 2), ('dil_conv_5x5', 0), ('skip_connect', 3), ('max_pool_3x3', 0), ('skip_connect', 4)], normal_concat=range(2, 6), reduce=[('max_pool_3x3', 1), ('sep_conv_3x3', 0), ('dil_conv_5x5', 1), ('dil_conv_3x3', 2), ('dil_conv_5x5', 1), ('avg_pool_3x3', 3), ('dil_conv_5x5', 0), ('max_pool_3x3', 3)], reduce_concat=range(2, 6))
tensor([[0.1249, 0.1252, 0.1252, 0.1249, 0.1249, 0.1250, 0.1250, 0.1250],
        [0.1249, 0.1251, 0.1250, 0.1252, 0.1249, 0.1250, 0.1251, 0.1250],
        [0.1250, 0.1249, 0.1251, 0.1251, 0.1249, 0.1250, 0.1251, 0.1249],
        [0.1247, 0.1250, 0.1250, 0.1252, 0.1249, 0.1251, 0.1250, 0.1251],
        [0.1250, 0.1251, 0.1250, 0.1251, 0.1249, 0.1249, 0.1251, 0.1250],
        [0.1247, 0.1249, 0.1251, 0.1250, 0.1251, 0.1249, 0.1251, 0.1251],
        [0.1249, 0.1250, 0.1247, 0.1249, 0.1252, 0.1251, 0.1250, 0.1251],
        [0.1249, 0.1250, 0.1251, 0.1250, 0.1250, 0.1249, 0.1251, 0.1250],
        [0.1250, 0.1250, 0.1251, 0.1251, 0.1250, 0.1250, 0.1250, 0.1250],
        [0.1249, 0.1254, 0.1248, 0.1248, 0.1251, 0.1251, 0.1249, 0.1249],
        [0.1249, 0.1251, 0.1250, 0.1250, 0.1251, 0.1249, 0.1252, 0.1249],
        [0.1249, 0.1251, 0.1251, 0.1248, 0.1252, 0.1251, 0.1250, 0.1248],
        [0.1250, 0.1252, 0.1249, 0.1251, 0.1250, 0.1250, 0.1249, 0.1250],
        [0.1249, 0.1250, 0.1249, 0.1253, 0.1250, 0.1251, 0.1249, 0.1249]],
       device='cuda:0', grad_fn=<SoftmaxBackward>)
tensor([[0.1251, 0.1249, 0.1251, 0.1250, 0.1251, 0.1248, 0.1250, 0.1250],
        [0.1250, 0.1253, 0.1249, 0.1248, 0.1250, 0.1251, 0.1249, 0.1250],
        [0.1249, 0.1250, 0.1247, 0.1251, 0.1249, 0.1250, 0.1252, 0.1253],
        [0.1249, 0.1252, 0.1250, 0.1248, 0.1251, 0.1249, 0.1249, 0.1252],
        [0.1250, 0.1249, 0.1248, 0.1249, 0.1251, 0.1251, 0.1252, 0.1250],
        [0.1249, 0.1248, 0.1249, 0.1251, 0.1250, 0.1250, 0.1250, 0.1253],
        [0.1250, 0.1250, 0.1249, 0.1251, 0.1250, 0.1250, 0.1249, 0.1251],
        [0.1251, 0.1253, 0.1252, 0.1249, 0.1251, 0.1247, 0.1250, 0.1247],
        [0.1251, 0.1250, 0.1251, 0.1250, 0.1250, 0.1248, 0.1251, 0.1250],
        [0.1250, 0.1251, 0.1249, 0.1250, 0.1251, 0.1247, 0.1249, 0.1253],
        [0.1251, 0.1250, 0.1251, 0.1248, 0.1250, 0.1250, 0.1250, 0.1250],
        [0.1250, 0.1250, 0.1249, 0.1249, 0.1251, 0.1248, 0.1252, 0.1250],
        [0.1249, 0.1251, 0.1249, 0.1250, 0.1250, 0.1251, 0.1250, 0.1249],
        [0.1251, 0.1249, 0.1249, 0.1250, 0.1249, 0.1251, 0.1250, 0.1251]],
       device='cuda:0', grad_fn=<SoftmaxBackward>)
tensor([0.3332, 0.3334, 0.3334], device='cuda:0', grad_fn=<SoftmaxBackward>)
09/10 08:50:16 PM train 000 1.000943e-01 96.875000 100.000000
09/10 08:50:56 PM train 050 6.538068e-02 97.916667 100.000000
09/10 08:51:36 PM train 100 6.522782e-02 97.926980 100.000000
09/10 08:52:16 PM train 150 6.630601e-02 97.868377 99.979305
09/10 08:52:56 PM train 200 6.956487e-02 97.667910 99.984453
09/10 08:53:36 PM train 250 7.166386e-02 97.709163 99.975100
09/10 08:54:16 PM train 300 7.178975e-02 97.695183 99.979236
09/10 08:54:56 PM train 350 7.091871e-02 97.738604 99.982194
09/10 08:55:36 PM train 400 7.383896e-02 97.693267 99.976621
09/10 08:56:16 PM train 450 7.362582e-02 97.692627 99.979213
09/10 08:56:56 PM train 500 7.389028e-02 97.685878 99.968812
09/10 08:57:36 PM train 550 7.425835e-02 97.686025 99.965971
09/10 08:58:16 PM train 600 7.290454e-02 97.717346 99.968802
09/10 08:58:55 PM train 650 7.316079e-02 97.700653 99.971198
09/10 08:59:35 PM train 700 7.276460e-02 97.717546 99.968795
